0,409
0,509
0,508
0,406
0,546
0,510
0,403
113,2
113,3
113,5
114,2
0,402
0,542
0,516
0,398
0,405
0,480
0,397
0,0
0,475
0,473
0,472
131,3
0,396
127,4
0,393
0,392
110,2
110,0
0,558
0,389
0,293
116,2
116,4
0,310
0,316
0,315
0,290
14,8
141,2
0,553
0,551
0,314
113,4
111,5
112,2
0,312
120,92
120,91
120,90
120,89
120,88
120,87
120,86
0,559
120,1
120,85
120,84
144,4
132,106
132,89
132,85
132,83
132,74
0,466
133,7
133,6
133,5
133,10
133,3
132,156
132,155
132,154
132,153
132,152
132,151
132,150
132,149
132,148
132,147
132,146
132,145
132,144
132,143
132,142
132,141
132,140
132,139
132,138
132,137
132,136
132,135
132,134
132,133
132,132
132,131
132,104
132,105
132,103
132,67
132,42
132,102
132,63
132,101
132,98
132,37
132,35
132,100
132,24
132,41
132,40
132,71
132,97
132,99
132,22
132,90
132,96
132,13
132,65
132,62
132,57
132,95
132,91
132,86
132,93
132,60
132,15
132,39
132,92
132,44
132,88
132,80
132,23
132,82
132,59
132,87
132,81
0,304
0,313
0,294
125,3
125,4
0,308
0,550
0,284
0,291
0,541
124,21
124,19
124,20
124,17
124,16
124,15
124,14
124,13
124,11
124,12
124,8
124,7
124,18
124,6
124,9
124,5
124,10
133,4
132,130
132,129
132,128
132,79
132,77
132,73
132,69
132,66
132,64
132,61
132,58
132,56
132,54
132,53
132,52
132,51
132,50
132,48
132,46
132,43
132,38
132,36
132,34
132,31
132,30
132,27
132,25
132,21
132,20
132,17
132,12
132,11
132,10
132,9
0,568
0,306
120,83
120,82
120,80
117,4
118,3
114,3
0,288
0,287
132,4
132,2
132,0
132,19
132,28
132,55
132,47
132,29
132,5
110,36
114,5
114,4
0,490
118,4
0,529
112,5
141,9
0,545
141,6
0,283
0,301
0,289
0,498
0,298
0,538
0,478
0,282
121,2
121,5
0,482
0,457
0,311
122,11
0,385
0,495
122,10
0,420
0,487
0,486
0,481
0,281
122,9
122,1
